Household_ID;Group;AffectsTimePoint;Timestamp;kWh_received_Total;kWh_received_HeatPump;kWh_received_Other;kWh_returned_Total;kvarh_received_capacitive_Total;kvarh_received_capacitive_HeatPump;kvarh_received_capacitive_Other;kvarh_received_inductive_Total;kvarh_received_inductive_HeatPump;kvarh_received_inductive_Other
6901131;treatment;before visit;2022-04-06 23:59:59+00:00;37.95;;;;2.85;;;16.72;;
6901131;treatment;before visit;2022-04-07 23:59:59+00:00;40.72;;;;2.66;;;15.73;;
6901131;treatment;before visit;2022-04-08 23:59:59+00:00;37.82;;;;2.82;;;16.52;;
6901131;treatment;before visit;2022-04-09 23:59:59+00:00;51.01;;;;2.11;;;24.78;;
6901131;treatment;before visit;2022-04-10 23:59:59+00:00;47.96;;;;2.26;;;23.95;;
6901131;treatment;before visit;2022-04-11 23:59:59+00:00;40.77;;;;2.25;;;21.41;;
6901131;treatment;before visit;2022-04-12 23:59:59+00:00;39.81;;;;2.18;;;19.07;;
6901131;treatment;before visit;2022-04-13 23:59:59+00:00;38.7;;;;1.48;;;11.74;;
6901131;treatment;before visit;2022-04-14 23:59:59+00:00;20.46;;;;0.71;;;5.88;;
6901131;treatment;before visit;2022-04-15 23:59:59+00:00;12.68;;;;0.7;;;0.29;;
6901131;treatment;before visit;2022-04-16 23:59:59+00:00;17.43;;;;0.48;;;7.37;;
6901131;treatment;before visit;2022-04-17 23:59:59+00:00;31.23;;;;0.35;;;18.2;;
6901131;treatment;before visit;2022-04-18 23:59:59+00:00;25.85;;;;0.55;;;16.09;;
6901131;treatment;before visit;2022-04-19 23:59:59+00:00;35.89;;;;1.48;;;15.22;;
6901131;treatment;before visit;2022-04-20 23:59:59+00:00;31.75;;;;3.34;;;13.13;;
6901131;treatment;before visit;2022-04-21 23:59:59+00:00;40.88;;;;3.16;;;17.81;;
6901131;treatment;before visit;2022-04-22 23:59:59+00:00;36.52;;;;2.96;;;16.44;;
6901131;treatment;before visit;2022-04-23 23:59:59+00:00;38.85;;;;3.18;;;14.84;;
6901131;treatment;before visit;2022-04-24 23:59:59+00:00;47.04;;;;2.62;;;21.24;;
6901131;treatment;before visit;2022-04-25 23:59:59+00:00;36.85;;;;3.18;;;15.77;;
6901131;treatment;before visit;2022-04-26 23:59:59+00:00;41.73;;;;3.15;;;18.86;;
6901131;treatment;before visit;2022-04-27 23:59:59+00:00;39.18;;;;3.17;;;19.58;;
6901131;treatment;before visit;2022-04-28 23:59:59+00:00;34.06;;;;3.1;;;16.47;;
6901131;treatment;before visit;2022-04-29 23:59:59+00:00;33.42;;;;2.95;;;18.22;;
6901131;treatment;before visit;2022-04-30 23:59:59+00:00;35.32;;;;2.76;;;17.69;;
6901131;treatment;before visit;2022-05-01 23:59:59+00:00;42.82;;;;2.86;;;17.01;;
6901131;treatment;before visit;2022-05-02 23:59:59+00:00;36.58;;;;2.99;;;16.69;;
6901131;treatment;before visit;2022-05-03 23:59:59+00:00;38.87;;;;3.16;;;15.52;;
6901131;treatment;before visit;2022-05-04 23:59:59+00:00;37.82;;;;3.07;;;15.83;;
6901131;treatment;before visit;2022-05-05 23:59:59+00:00;32.55;;;;3.51;;;8.71;;
6901131;treatment;before visit;2022-05-06 23:59:59+00:00;30.89;;;;3.33;;;11.16;;
6901131;treatment;before visit;2022-05-07 23:59:59+00:00;28.55;;;;3.59;;;7.5;;
6901131;treatment;before visit;2022-05-08 23:59:59+00:00;36.9;;;;3.48;;;6.97;;
6901131;treatment;before visit;2022-05-09 23:59:59+00:00;27.41;;;;3.99;;;9.36;;
6901131;treatment;before visit;2022-05-10 23:59:59+00:00;25.59;;;;4.88;;;5.14;;
6901131;treatment;before visit;2022-05-11 23:59:59+00:00;19.16;;;;5.38;;;0.02;;
6901131;treatment;before visit;2022-05-12 23:59:59+00:00;15.46;;;;5.55;;;;;
6901131;treatment;before visit;2022-05-13 23:59:59+00:00;16.85;;;;5.49;;;0.06;;
6901131;treatment;before visit;2022-05-14 23:59:59+00:00;11.46;;;;5.45;;;0.02;;
6901131;treatment;before visit;2022-05-15 23:59:59+00:00;14.17;;;;5.66;;;0.01;;
6901131;treatment;before visit;2022-05-16 23:59:59+00:00;13.72;;;;5.64;;;0.01;;
6901131;treatment;before visit;2022-05-17 23:59:59+00:00;19.29;;;;5.99;;;0.01;;
6901131;treatment;before visit;2022-05-18 23:59:59+00:00;15.71;;;;5.6;;;;;
6901131;treatment;before visit;2022-05-19 23:59:59+00:00;11.97;;;;5.64;;;;;
6901131;treatment;before visit;2022-05-20 23:59:59+00:00;12.5;;;;5.66;;;0.01;;
6901131;treatment;before visit;2022-05-21 23:59:59+00:00;11.97;;;;5.24;;;0.03;;
6901131;treatment;before visit;2022-05-22 23:59:59+00:00;14.58;;;;5.39;;;0.01;;
6901131;treatment;before visit;2022-05-23 23:59:59+00:00;16.53;;;;5.06;;;;;
6901131;treatment;before visit;2022-05-24 23:59:59+00:00;20.76;;;;5.41;;;;;
6901131;treatment;before visit;2022-05-25 23:59:59+00:00;10.4;;;;5.33;;;0.02;;
6901131;treatment;before visit;2022-05-26 23:59:59+00:00;7.01;;;;5.25;;;;;
6901131;treatment;before visit;2022-05-27 23:59:59+00:00;5.75;;;;5.22;;;;;
6901131;treatment;before visit;2022-05-28 23:59:59+00:00;5.54;;;;5.25;;;;;
6901131;treatment;before visit;2022-05-29 23:59:59+00:00;17.77;;;;5.09;;;0.01;;
6901131;treatment;before visit;2022-05-30 23:59:59+00:00;14.31;;;;5.36;;;0.01;;
6901131;treatment;before visit;2022-05-31 23:59:59+00:00;23.84;;;;5.73;;;0.01;;
6901131;treatment;before visit;2022-06-01 23:59:59+00:00;14.45;;;;5.41;;;;;
6901131;treatment;before visit;2022-06-02 23:59:59+00:00;15.54;;;;5.57;;;0.02;;
6901131;treatment;before visit;2022-06-03 23:59:59+00:00;14.79;;;;5.37;;;0.01;;
6901131;treatment;before visit;2022-06-04 23:59:59+00:00;20.68;;;;5.03;;;0.03;;
6901131;treatment;before visit;2022-06-05 23:59:59+00:00;18.96;;;;5.0;;;0.01;;
6901131;treatment;before visit;2022-06-06 23:59:59+00:00;20.49;;;;5.01;;;0.01;;
6901131;treatment;before visit;2022-06-07 23:59:59+00:00;20.55;;;;5.1;;;;;
6901131;treatment;before visit;2022-06-08 23:59:59+00:00;13.41;;;;5.13;;;0.03;;
6901131;treatment;before visit;2022-06-09 23:59:59+00:00;19.76;;;;5.15;;;0.01;;
6901131;treatment;before visit;2022-06-10 23:59:59+00:00;17.12;;;;5.48;;;0.01;;
6901131;treatment;before visit;2022-06-11 23:59:59+00:00;16.88;;;;5.41;;;;;
6901131;treatment;before visit;2022-06-12 23:59:59+00:00;26.77;;;;5.42;;;0.01;;
6901131;treatment;before visit;2022-06-13 23:59:59+00:00;14.63;;;;4.98;;;0.04;;
6901131;treatment;before visit;2022-06-14 23:59:59+00:00;16.16;;;;5.41;;;;;
6901131;treatment;before visit;2022-06-15 23:59:59+00:00;15.48;;;;5.07;;;0.01;;
6901131;treatment;before visit;2022-06-16 23:59:59+00:00;17.91;;;;4.99;;;0.01;;
6901131;treatment;before visit;2022-06-17 23:59:59+00:00;11.59;;;;5.26;;;0.01;;
6901131;treatment;before visit;2022-06-18 23:59:59+00:00;13.69;;;;5.11;;;0.02;;
6901131;treatment;before visit;2022-06-19 23:59:59+00:00;19.24;;;;4.92;;;0.01;;
6901131;treatment;before visit;2022-06-20 23:59:59+00:00;16.99;;;;5.05;;;;;
6901131;treatment;before visit;2022-06-21 23:59:59+00:00;16.05;;;;5.01;;;0.02;;
6901131;treatment;before visit;2022-06-22 23:59:59+00:00;16.78;;;;5.03;;;0.02;;
6901131;treatment;before visit;2022-06-23 23:59:59+00:00;14.28;;;;5.31;;;0.01;;
6901131;treatment;before visit;2022-06-24 23:59:59+00:00;12.0;;;;5.4;;;;;
6901131;treatment;before visit;2022-06-25 23:59:59+00:00;13.52;;;;5.39;;;0.07;;
6901131;treatment;before visit;2022-06-26 23:59:59+00:00;21.72;;;;5.25;;;0.02;;
6901131;treatment;before visit;2022-06-27 23:59:59+00:00;14.35;;;;5.5;;;0.02;;
6901131;treatment;before visit;2022-06-28 23:59:59+00:00;16.67;;;;5.7;;;;;
6901131;treatment;before visit;2022-06-29 23:59:59+00:00;13.15;;;;5.52;;;;;
6901131;treatment;before visit;2022-06-30 23:59:59+00:00;16.94;;;;5.52;;;0.02;;
6901131;treatment;before visit;2022-07-01 23:59:59+00:00;9.23;;;;4.75;;;;;
6901131;treatment;before visit;2022-07-02 23:59:59+00:00;7.45;;;;4.82;;;;;
6901131;treatment;before visit;2022-07-03 23:59:59+00:00;8.4;;;;4.7;;;0.01;;
6901131;treatment;before visit;2022-07-04 23:59:59+00:00;8.79;;;;4.81;;;0.01;;
6901131;treatment;before visit;2022-07-05 23:59:59+00:00;15.41;;;;5.31;;;0.01;;
6901131;treatment;before visit;2022-07-06 23:59:59+00:00;19.37;;;;4.6;;;0.08;;
6901131;treatment;before visit;2022-07-07 23:59:59+00:00;11.7;;;;4.78;;;;;
6901131;treatment;before visit;2022-07-08 23:59:59+00:00;14.22;;;;4.99;;;0.01;;
6901131;treatment;before visit;2022-07-09 23:59:59+00:00;15.78;;;;5.26;;;0.01;;
6901131;treatment;before visit;2022-07-10 23:59:59+00:00;22.08;;;;4.95;;;0.03;;
6901131;treatment;before visit;2022-07-11 23:59:59+00:00;15.67;;;;5.02;;;0.01;;
6901131;treatment;before visit;2022-07-12 23:59:59+00:00;12.6;;;;5.1;;;;;
6901131;treatment;before visit;2022-07-13 23:59:59+00:00;13.61;;;;5.02;;;0.02;;
6901131;treatment;before visit;2022-07-14 23:59:59+00:00;16.22;;;;5.06;;;;;
6901131;treatment;before visit;2022-07-15 23:59:59+00:00;10.81;;;;4.58;;;0.02;;
6901131;treatment;before visit;2022-07-16 23:59:59+00:00;9.04;;;;5.16;;;;;
6901131;treatment;before visit;2022-07-17 23:59:59+00:00;13.91;;;;5.07;;;;;
6901131;treatment;before visit;2022-07-18 23:59:59+00:00;16.88;;;;5.25;;;0.04;;
6901131;treatment;before visit;2022-07-19 23:59:59+00:00;11.46;;;;5.15;;;0.58;;
6901131;treatment;before visit;2022-07-20 23:59:59+00:00;13.8;;;;5.1;;;0.01;;
6901131;treatment;before visit;2022-07-21 23:59:59+00:00;10.89;;;;5.2;;;;;
6901131;treatment;before visit;2022-07-22 23:59:59+00:00;11.23;;;;5.34;;;;;
6901131;treatment;before visit;2022-07-23 23:59:59+00:00;15.44;;;;4.94;;;0.03;;
6901131;treatment;before visit;2022-07-24 23:59:59+00:00;16.95;;;;5.23;;;0.01;;
6901131;treatment;before visit;2022-07-25 23:59:59+00:00;12.4;;;;4.98;;;;;
6901131;treatment;before visit;2022-07-26 23:59:59+00:00;15.62;;;;4.16;;;0.01;;
6901131;treatment;before visit;2022-07-27 23:59:59+00:00;8.02;;;;3.19;;;0.03;;
6901131;treatment;before visit;2022-07-28 23:59:59+00:00;5.27;;;;3.22;;;;;
6901131;treatment;before visit;2022-07-29 23:59:59+00:00;7.99;;;;3.24;;;0.02;;
6901131;treatment;before visit;2022-07-30 23:59:59+00:00;5.21;;;;3.33;;;0.01;;
6901131;treatment;before visit;2022-07-31 23:59:59+00:00;8.28;;;;3.35;;;0.02;;
6901131;treatment;before visit;2022-08-01 23:59:59+00:00;5.08;;;;3.32;;;0.01;;
6901131;treatment;before visit;2022-08-02 23:59:59+00:00;8.08;;;;3.25;;;0.01;;
6901131;treatment;before visit;2022-08-03 23:59:59+00:00;5.26;;;;3.23;;;0.03;;
6901131;treatment;before visit;2022-08-04 23:59:59+00:00;8.26;;;;3.1;;;0.02;;
6901131;treatment;before visit;2022-08-05 23:59:59+00:00;5.69;;;;3.07;;;0.01;;
6901131;treatment;before visit;2022-08-06 23:59:59+00:00;8.02;;;;3.14;;;0.01;;
6901131;treatment;before visit;2022-08-07 23:59:59+00:00;5.12;;;;3.33;;;0.02;;
6901131;treatment;before visit;2022-08-08 23:59:59+00:00;8.02;;;;3.39;;;0.02;;
6901131;treatment;before visit;2022-08-09 23:59:59+00:00;4.91;;;;3.39;;;0.02;;
6901131;treatment;before visit;2022-08-10 23:59:59+00:00;7.93;;;;3.33;;;;;
6901131;treatment;before visit;2022-08-11 23:59:59+00:00;7.49;;;;3.33;;;0.02;;
6901131;treatment;before visit;2022-08-12 23:59:59+00:00;15.67;;;;3.6;;;0.23;;
6901131;treatment;before visit;2022-08-13 23:59:59+00:00;17.44;;;;4.65;;;0.03;;
6901131;treatment;before visit;2022-08-14 23:59:59+00:00;17.78;;;;4.64;;;0.02;;
6901131;treatment;before visit;2022-08-15 23:59:59+00:00;15.16;;;;4.69;;;0.01;;
6901131;treatment;before visit;2022-08-16 23:59:59+00:00;14.82;;;;5.02;;;;;
6901131;treatment;before visit;2022-08-17 23:59:59+00:00;9.5;;;;4.9;;;;;
6901131;treatment;before visit;2022-08-18 23:59:59+00:00;16.74;;;;4.76;;;;;
6901131;treatment;before visit;2022-08-19 23:59:59+00:00;15.23;;;;4.67;;;0.04;;
6901131;treatment;before visit;2022-08-20 23:59:59+00:00;16.36;;;;4.88;;;;;
6901131;treatment;before visit;2022-08-21 23:59:59+00:00;19.77;;;;5.12;;;0.01;;
6901131;treatment;before visit;2022-08-22 23:59:59+00:00;12.45;;;;5.2;;;0.01;;
6901131;treatment;before visit;2022-08-23 23:59:59+00:00;11.74;;;;5.18;;;0.02;;
6901131;treatment;before visit;2022-08-24 23:59:59+00:00;12.5;;;;5.19;;;;;
6901131;treatment;before visit;2022-08-25 23:59:59+00:00;12.04;;;;5.24;;;;;
6901131;treatment;before visit;2022-08-26 23:59:59+00:00;15.06;;;;4.99;;;0.02;;
6901131;treatment;before visit;2022-08-27 23:59:59+00:00;14.63;;;;5.18;;;0.02;;
6901131;treatment;before visit;2022-08-28 23:59:59+00:00;21.1;;;;5.25;;;0.01;;
6901131;treatment;before visit;2022-08-29 23:59:59+00:00;15.02;;;;5.26;;;;;
6901131;treatment;before visit;2022-08-30 23:59:59+00:00;12.26;;;;5.14;;;;;
6901131;treatment;before visit;2022-08-31 23:59:59+00:00;11.95;;;;5.28;;;0.02;;
6901131;treatment;before visit;2022-09-01 23:59:59+00:00;13.43;;;;5.18;;;0.03;;
6901131;treatment;before visit;2022-09-02 23:59:59+00:00;13.88;;;;5.22;;;;;
6901131;treatment;before visit;2022-09-03 23:59:59+00:00;17.15;;;;5.03;;;0.06;;
6901131;treatment;before visit;2022-09-04 23:59:59+00:00;11.64;;;;5.0;;;0.01;;
6901131;treatment;before visit;2022-09-05 23:59:59+00:00;13.12;;;;5.06;;;;;
6901131;treatment;before visit;2022-09-06 23:59:59+00:00;11.42;;;;5.03;;;0.02;;
6901131;treatment;before visit;2022-09-07 23:59:59+00:00;13.58;;;;4.88;;;0.02;;
6901131;treatment;before visit;2022-09-08 23:59:59+00:00;9.59;;;;5.03;;;;;
6901131;treatment;before visit;2022-09-09 23:59:59+00:00;11.84;;;;5.3;;;0.01;;
6901131;treatment;before visit;2022-09-10 23:59:59+00:00;9.25;;;;5.49;;;0.01;;
6901131;treatment;before visit;2022-09-11 23:59:59+00:00;11.29;;;;5.45;;;;;
6901131;treatment;before visit;2022-09-12 23:59:59+00:00;13.16;;;;5.15;;;0.01;;
6901131;treatment;before visit;2022-09-13 23:59:59+00:00;16.27;;;;5.1;;;0.01;;
6901131;treatment;before visit;2022-09-14 23:59:59+00:00;13.14;;;;5.2;;;0.01;;
6901131;treatment;before visit;2022-09-15 23:59:59+00:00;14.06;;;;5.11;;;0.04;;
6901131;treatment;before visit;2022-09-16 23:59:59+00:00;8.64;;;;5.25;;;;;
6901131;treatment;before visit;2022-09-17 23:59:59+00:00;9.94;;;;5.24;;;0.02;;
6901131;treatment;before visit;2022-09-18 23:59:59+00:00;22.09;;;;4.69;;;4.99;;
6901131;treatment;before visit;2022-09-19 23:59:59+00:00;33.23;;;;2.61;;;19.44;;
6901131;treatment;before visit;2022-09-20 23:59:59+00:00;35.15;;;;2.85;;;17.21;;
6901131;treatment;before visit;2022-09-21 23:59:59+00:00;38.93;;;;2.56;;;19.29;;
6901131;treatment;before visit;2022-09-22 23:59:59+00:00;39.02;;;;2.85;;;19.7;;
6901131;treatment;before visit;2022-09-23 23:59:59+00:00;33.66;;;;2.85;;;17.88;;
6901131;treatment;before visit;2022-09-24 23:59:59+00:00;19.28;;;;3.64;;;0.13;;
6901131;treatment;before visit;2022-09-25 23:59:59+00:00;29.66;;;;3.23;;;10.02;;
6901131;treatment;before visit;2022-09-26 23:59:59+00:00;29.21;;;;2.89;;;13.79;;
6901131;treatment;before visit;2022-09-27 23:59:59+00:00;34.52;;;;3.53;;;13.41;;
6901131;treatment;before visit;2022-09-28 23:59:59+00:00;36.1;;;;3.01;;;17.24;;
6901131;treatment;before visit;2022-09-29 23:59:59+00:00;31.92;;;;3.33;;;15.62;;
6901131;treatment;before visit;2022-09-30 23:59:59+00:00;27.63;;;;3.74;;;11.95;;
6901131;treatment;before visit;2022-10-01 23:59:59+00:00;32.35;;;;3.3;;;15.24;;
6901131;treatment;before visit;2022-10-02 23:59:59+00:00;30.2;;;;4.14;;;9.71;;
6901131;treatment;before visit;2022-10-03 23:59:59+00:00;17.22;;;;5.74;;;;;
6901131;treatment;before visit;2022-10-04 23:59:59+00:00;16.38;;;;5.8;;;0.01;;
6901131;treatment;before visit;2022-10-05 23:59:59+00:00;14.62;;;;6.17;;;0.01;;
6901131;treatment;before visit;2022-10-06 23:59:59+00:00;16.04;;;;6.3;;;;;
6901131;treatment;before visit;2022-10-07 23:59:59+00:00;13.09;;;;5.9;;;0.01;;
6901131;treatment;before visit;2022-10-08 23:59:59+00:00;17.85;;;;5.54;;;0.03;;
6901131;treatment;before visit;2022-10-09 23:59:59+00:00;30.59;;;;5.08;;;5.61;;
6901131;treatment;before visit;2022-10-10 23:59:59+00:00;27.39;;;;3.87;;;12.25;;
6901131;treatment;before visit;2022-10-11 23:59:59+00:00;24.65;;;;4.78;;;2.59;;
6901131;treatment;before visit;2022-10-12 23:59:59+00:00;22.33;;;;3.89;;;4.52;;
6901131;treatment;before visit;2022-10-13 23:59:59+00:00;18.84;;;;3.83;;;4.12;;
6901131;treatment;before visit;2022-10-14 23:59:59+00:00;18.22;;;;3.51;;;5.85;;
6901131;treatment;before visit;2022-10-15 23:59:59+00:00;10.93;;;;3.9;;;0.01;;
6901131;treatment;before visit;2022-10-16 23:59:59+00:00;28.25;;;;3.2;;;9.66;;
6901131;treatment;before visit;2022-10-17 23:59:59+00:00;25.28;;;;3.61;;;8.43;;
6901131;treatment;before visit;2022-10-18 23:59:59+00:00;18.87;;;;4.28;;;;;
6901131;treatment;before visit;2022-10-19 23:59:59+00:00;19.74;;;;3.77;;;4.2;;
6901131;treatment;before visit;2022-10-20 23:59:59+00:00;22.47;;;;3.93;;;3.61;;
6901131;treatment;before visit;2022-10-21 23:59:59+00:00;27.28;;;;4.05;;;5.36;;
6901131;treatment;before visit;2022-10-22 23:59:59+00:00;18.55;;;;4.42;;;;;
6901131;treatment;before visit;2022-10-23 23:59:59+00:00;42.96;;;;3.48;;;13.23;;
6901131;treatment;before visit;2022-10-24 23:59:59+00:00;23.29;;;;3.61;;;6.08;;
6901131;treatment;before visit;2022-10-25 23:59:59+00:00;28.05;;;;3.43;;;11.26;;
6901131;treatment;before visit;2022-10-26 23:59:59+00:00;17.15;;;;4.14;;;2.58;;
6901131;treatment;before visit;2022-10-27 23:59:59+00:00;26.83;;;;3.54;;;10.49;;
6901131;treatment;before visit;2022-10-28 23:59:59+00:00;30.6;;;;3.55;;;11.37;;
6901131;treatment;before visit;2022-10-29 23:59:59+00:00;33.98;;;;3.45;;;8.59;;
6901131;treatment;before visit;2022-10-30 23:59:59+00:00;35.36;;;;3.62;;;9.32;;
6901131;treatment;before visit;2022-10-31 23:59:59+00:00;29.16;;;;3.22;;;16.35;;
6901131;treatment;before visit;2022-11-01 23:59:59+00:00;30.95;;;;3.9;;;11.08;;
6901131;treatment;before visit;2022-11-02 23:59:59+00:00;34.29;;;;3.28;;;14.35;;
6901131;treatment;before visit;2022-11-03 23:59:59+00:00;35.25;;;;2.85;;;19.39;;
6901131;treatment;before visit;2022-11-04 23:59:59+00:00;34.99;;;;2.95;;;18.75;;
6901131;treatment;before visit;2022-11-05 23:59:59+00:00;46.04;;;;2.16;;;25.86;;
6901131;treatment;before visit;2022-11-06 23:59:59+00:00;43.07;;;;2.24;;;26.24;;
6901131;treatment;before visit;2022-11-07 23:59:59+00:00;37.97;;;;2.88;;;19.28;;
6901131;treatment;before visit;2022-11-08 23:59:59+00:00;37.43;;;;2.78;;;19.18;;
6901131;treatment;before visit;2022-11-09 23:59:59+00:00;35.43;;;;3.19;;;17.43;;
6901131;treatment;before visit;2022-11-10 23:59:59+00:00;28.74;;;;3.53;;;14.02;;
6901131;treatment;before visit;2022-11-11 23:59:59+00:00;40.31;;;;3.11;;;20.17;;
6901131;treatment;before visit;2022-11-12 23:59:59+00:00;41.44;;;;2.81;;;21.46;;
6901131;treatment;before visit;2022-11-13 23:59:59+00:00;55.29;;;;1.82;;;31.81;;
6901131;treatment;before visit;2022-11-14 23:59:59+00:00;45.49;;;;2.76;;;19.97;;
6901131;treatment;before visit;2022-11-15 23:59:59+00:00;40.66;;;;2.9;;;21.55;;
6901131;treatment;before visit;2022-11-16 23:59:59+00:00;40.15;;;;2.83;;;18.5;;
6901131;treatment;before visit;2022-11-17 23:59:59+00:00;31.74;;;;3.03;;;16.73;;
6901131;treatment;before visit;2022-11-18 23:59:59+00:00;36.43;;;;2.65;;;21.8;;
6901131;treatment;before visit;2022-11-19 23:59:59+00:00;46.2;;;;2.2;;;26.44;;
6901131;treatment;before visit;2022-11-20 23:59:59+00:00;46.78;;;;2.03;;;29.56;;
6901131;treatment;before visit;2022-11-21 23:59:59+00:00;41.86;;;;2.73;;;20.39;;
6901131;treatment;before visit;2022-11-22 23:59:59+00:00;41.55;;;;2.35;;;25.59;;
6901131;treatment;before visit;2022-11-23 23:59:59+00:00;40.49;;;;2.74;;;21.45;;
6901131;treatment;before visit;2022-11-24 23:59:59+00:00;43.72;;;;2.49;;;24.7;;
6901131;treatment;before visit;2022-11-25 23:59:59+00:00;50.69;;;;2.21;;;26.82;;
6901131;treatment;before visit;2022-11-26 23:59:59+00:00;49.07;;;;2.3;;;26.39;;
6901131;treatment;before visit;2022-11-27 23:59:59+00:00;59.25;;;;2.25;;;26.86;;
6901131;treatment;before visit;2022-11-28 23:59:59+00:00;44.85;;;;2.21;;;26.51;;
6901131;treatment;before visit;2022-11-29 23:59:59+00:00;38.72;;;;2.73;;;20.55;;
6901131;treatment;before visit;2022-11-30 23:59:59+00:00;57.05;;;;1.52;;;35.05;;
6901131;treatment;before visit;2022-12-01 23:59:59+00:00;51.03;;;;2.05;;;28.59;;
6901131;treatment;before visit;2022-12-02 23:59:59+00:00;48.64;;;;2.05;;;29.22;;
6901131;treatment;before visit;2022-12-03 23:59:59+00:00;54.49;;;;1.13;;;38.15;;
6901131;treatment;before visit;2022-12-04 23:59:59+00:00;44.79;;;;1.93;;;28.15;;
6901131;treatment;before visit;2022-12-05 23:59:59+00:00;54.6;;;;1.88;;;30.93;;
6901131;treatment;before visit;2022-12-06 23:59:59+00:00;63.4;;;;1.32;;;38.53;;
6901131;treatment;before visit;2022-12-07 23:59:59+00:00;47.63;;;;2.26;;;26.85;;
6901131;treatment;before visit;2022-12-08 23:59:59+00:00;62.21;;;;1.15;;;38.58;;
6901131;treatment;before visit;2022-12-09 23:59:59+00:00;59.54;;;;1.15;;;38.44;;
6901131;treatment;before visit;2022-12-10 23:59:59+00:00;67.03;;;;0.96;;;40.33;;
6901131;treatment;before visit;2022-12-11 23:59:59+00:00;66.35;;;;0.93;;;40.54;;
6901131;treatment;before visit;2022-12-12 23:59:59+00:00;61.1;;;;1.19;;;37.92;;
6901131;treatment;before visit;2022-12-13 23:59:59+00:00;59.37;;;;1.15;;;37.95;;
6901131;treatment;before visit;2022-12-14 23:59:59+00:00;66.63;;;;1.08;;;38.57;;
6901131;treatment;before visit;2022-12-15 23:59:59+00:00;64.01;;;;1.09;;;38.56;;
6901131;treatment;before visit;2022-12-16 23:59:59+00:00;61.35;;;;1.18;;;38.68;;
6901131;treatment;before visit;2022-12-17 23:59:59+00:00;62.85;;;;0.88;;;41.0;;
6901131;treatment;before visit;2022-12-18 23:59:59+00:00;63.6;;;;0.84;;;40.67;;
6901131;treatment;before visit;2022-12-19 23:59:59+00:00;59.31;;;;1.08;;;38.83;;
6901131;treatment;before visit;2022-12-20 23:59:59+00:00;57.4;;;;1.16;;;37.98;;
6901131;treatment;before visit;2022-12-21 23:59:59+00:00;38.35;;;;2.98;;;17.63;;
6901131;treatment;before visit;2022-12-22 23:59:59+00:00;36.49;;;;3.28;;;16.25;;
6901131;treatment;before visit;2022-12-23 23:59:59+00:00;37.31;;;;3.41;;;14.0;;
6901131;treatment;before visit;2022-12-24 23:59:59+00:00;29.79;;;;3.31;;;14.69;;
6901131;treatment;before visit;2022-12-25 23:59:59+00:00;30.13;;;;2.83;;;20.58;;
6901131;treatment;before visit;2022-12-26 23:59:59+00:00;29.47;;;;2.97;;;19.84;;
6901131;treatment;before visit;2022-12-27 23:59:59+00:00;35.42;;;;2.42;;;25.85;;
6901131;treatment;before visit;2022-12-28 23:59:59+00:00;30.42;;;;2.66;;;22.76;;
6901131;treatment;before visit;2022-12-29 23:59:59+00:00;27.17;;;;3.22;;;16.72;;
6901131;treatment;before visit;2022-12-30 23:59:59+00:00;33.63;;;;2.61;;;23.68;;
6901131;treatment;before visit;2022-12-31 23:59:59+00:00;17.93;;;;3.73;;;10.53;;
6901131;treatment;before visit;2023-01-01 23:59:59+00:00;22.76;;;;3.58;;;10.01;;
6901131;treatment;before visit;2023-01-02 23:59:59+00:00;34.76;;;;2.66;;;22.42;;
6901131;treatment;before visit;2023-01-03 23:59:59+00:00;47.84;;;;2.89;;;22.34;;
6901131;treatment;before visit;2023-01-04 23:59:59+00:00;50.72;;;;2.51;;;25.44;;
6901131;treatment;before visit;2023-01-05 23:59:59+00:00;37.41;;;;3.56;;;15.42;;
6901131;treatment;before visit;2023-01-06 23:59:59+00:00;47.05;;;;2.55;;;26.46;;
6901131;treatment;before visit;2023-01-07 23:59:59+00:00;44.13;;;;2.48;;;27.51;;
6901131;treatment;before visit;2023-01-08 23:59:59+00:00;58.51;;;;0.99;;;40.93;;
6901131;treatment;before visit;2023-01-09 23:59:59+00:00;38.92;;;;2.81;;;21.88;;
6901131;treatment;before visit;2023-01-10 23:59:59+00:00;58.74;;;;1.44;;;37.0;;
6901131;treatment;before visit;2023-01-11 23:59:59+00:00;57.87;;;;2.99;;;18.96;;
6901131;treatment;before visit;2023-01-12 23:59:59+00:00;40.41;;;;2.38;;;26.01;;
6901131;treatment;before visit;2023-01-13 23:59:59+00:00;44.92;;;;2.39;;;26.03;;
6901131;treatment;before visit;2023-01-14 23:59:59+00:00;34.17;;;;2.68;;;22.08;;
6901131;treatment;before visit;2023-01-15 23:59:59+00:00;47.61;;;;1.96;;;30.43;;
6901131;treatment;before visit;2023-01-16 23:59:59+00:00;58.66;;;;1.24;;;38.42;;
6901131;treatment;before visit;2023-01-17 23:59:59+00:00;60.75;;;;1.22;;;38.2;;
6901131;treatment;before visit;2023-01-18 23:59:59+00:00;63.39;;;;1.16;;;38.52;;
6901131;treatment;before visit;2023-01-19 23:59:59+00:00;62.21;;;;1.18;;;38.35;;
6901131;treatment;before visit;2023-01-20 23:59:59+00:00;60.75;;;;1.23;;;38.29;;
6901131;treatment;before visit;2023-01-21 23:59:59+00:00;65.82;;;;0.99;;;40.16;;
6901131;treatment;before visit;2023-01-22 23:59:59+00:00;80.36;;;;1.01;;;40.32;;
6901131;treatment;before visit;2023-01-23 23:59:59+00:00;51.18;;;;1.22;;;38.22;;
6901131;treatment;before visit;2023-01-24 23:59:59+00:00;61.03;;;;1.2;;;38.23;;
6901131;treatment;before visit;2023-01-25 23:59:59+00:00;69.16;;;;1.17;;;38.61;;
6901131;treatment;before visit;2023-01-26 23:59:59+00:00;66.2;;;;1.19;;;38.39;;
6901131;treatment;before visit;2023-01-27 23:59:59+00:00;56.29;;;;1.23;;;38.44;;
6901131;treatment;before visit;2023-01-28 23:59:59+00:00;44.91;;;;1.77;;;32.27;;
6901131;treatment;before visit;2023-01-29 23:59:59+00:00;43.93;;;;1.77;;;32.22;;
6901131;treatment;before visit;2023-01-30 23:59:59+00:00;56.73;;;;1.14;;;38.88;;
6901131;treatment;before visit;2023-01-31 23:59:59+00:00;50.75;;;;2.56;;;25.43;;
6901131;treatment;before visit;2023-02-01 23:59:59+00:00;55.86;;;;1.89;;;31.44;;
6901131;treatment;before visit;2023-02-02 23:59:59+00:00;45.85;;;;2.61;;;25.01;;
6901131;treatment;before visit;2023-02-03 23:59:59+00:00;49.77;;;;2.63;;;24.01;;
6901131;treatment;before visit;2023-02-04 23:59:59+00:00;48.93;;;;2.5;;;26.18;;
6901131;treatment;before visit;2023-02-05 23:59:59+00:00;57.11;;;;0.92;;;40.98;;
6901131;treatment;before visit;2023-02-06 23:59:59+00:00;59.61;;;;1.24;;;38.38;;
6901131;treatment;before visit;2023-02-07 23:59:59+00:00;48.41;;;;1.89;;;31.91;;
6901131;treatment;before visit;2023-02-08 23:59:59+00:00;60.5;;;;1.18;;;38.43;;
6901131;treatment;before visit;2023-02-09 23:59:59+00:00;62.04;;;;1.15;;;38.98;;
6901131;treatment;before visit;2023-02-10 23:59:59+00:00;61.47;;;;1.12;;;38.63;;
6901131;treatment;before visit;2023-02-11 23:59:59+00:00;64.0;;;;1.62;;;33.67;;
6901131;treatment;before visit;2023-02-12 23:59:59+00:00;48.61;;;;2.37;;;27.59;;
6901131;treatment;before visit;2023-02-13 23:59:59+00:00;57.66;;;;2.08;;;29.28;;
6901131;treatment;before visit;2023-02-14 23:59:59+00:00;60.71;;;;1.37;;;37.88;;
6901131;treatment;before visit;2023-02-15 23:59:59+00:00;65.22;;;;1.24;;;38.46;;
6901131;treatment;before visit;2023-02-16 23:59:59+00:00;39.07;;;;2.78;;;22.17;;
6901131;treatment;before visit;2023-02-17 23:59:59+00:00;31.26;;;;3.16;;;16.23;;
6901131;treatment;before visit;2023-02-18 23:59:59+00:00;31.79;;;;3.31;;;14.53;;
6901131;treatment;before visit;2023-02-19 23:59:59+00:00;33.73;;;;2.81;;;18.52;;
6901131;treatment;before visit;2023-02-20 23:59:59+00:00;32.77;;;;2.97;;;19.47;;
6901131;treatment;before visit;2023-02-21 23:59:59+00:00;47.02;;;;2.66;;;24.36;;
6901131;treatment;before visit;2023-02-22 23:59:59+00:00;41.63;;;;2.76;;;20.81;;
6901131;treatment;before visit;2023-02-23 23:59:59+00:00;41.26;;;;3.11;;;18.56;;
6901131;treatment;before visit;2023-02-24 23:59:59+00:00;45.15;;;;2.94;;;20.97;;
6901131;treatment;before visit;2023-02-25 23:59:59+00:00;58.59;;;;1.54;;;35.08;;
6901131;treatment;before visit;2023-02-26 23:59:59+00:00;69.75;;;;0.9;;;40.82;;
6901131;treatment;before visit;2023-02-27 23:59:59+00:00;66.43;;;;1.13;;;38.41;;
6901131;treatment;before visit;2023-02-28 23:59:59+00:00;60.74;;;;1.1;;;38.69;;
6901131;treatment;before visit;2023-03-01 23:59:59+00:00;62.86;;;;1.78;;;35.84;;
6901131;treatment;before visit;2023-03-02 23:59:59+00:00;55.33;;;;1.28;;;38.3;;
6901131;treatment;before visit;2023-03-03 23:59:59+00:00;40.7;;;;2.24;;;24.46;;
6901131;treatment;before visit;2023-03-04 23:59:59+00:00;38.18;;;;2.29;;;24.91;;
6901131;treatment;before visit;2023-03-05 23:59:59+00:00;44.87;;;;1.88;;;26.93;;
6901131;treatment;before visit;2023-03-06 23:59:59+00:00;60.08;;;;1.11;;;39.14;;
6901131;treatment;before visit;2023-03-07 23:59:59+00:00;50.04;;;;2.58;;;24.5;;
6901131;treatment;before visit;2023-03-08 23:59:59+00:00;48.35;;;;2.19;;;25.07;;
6901131;treatment;before visit;2023-03-09 23:59:59+00:00;36.44;;;;3.27;;;11.91;;
6901131;treatment;before visit;2023-03-10 23:59:59+00:00;41.68;;;;2.36;;;22.96;;
6901131;treatment;before visit;2023-03-11 23:59:59+00:00;65.34;;;;0.9;;;41.48;;
6901131;treatment;before visit;2023-03-12 23:59:59+00:00;42.94;;;;2.65;;;21.26;;
6901131;treatment;before visit;2023-03-13 23:59:59+00:00;40.25;;;;3.02;;;16.84;;
6901131;treatment;before visit;2023-03-14 23:59:59+00:00;39.88;;;;2.48;;;21.64;;
6901131;treatment;before visit;2023-03-15 23:59:59+00:00;50.54;;;;1.41;;;33.72;;
6901131;treatment;before visit;2023-03-16 23:59:59+00:00;42.68;;;;2.31;;;25.14;;
6901131;treatment;before visit;2023-03-17 23:59:59+00:00;45.02;;;;2.64;;;21.24;;
6901131;treatment;before visit;2023-03-18 23:59:59+00:00;38.57;;;;2.34;;;18.91;;
6901131;treatment;before visit;2023-03-19 23:59:59+00:00;32.02;;;;2.86;;;9.27;;
6901131;treatment;before visit;2023-03-20 23:59:59+00:00;40.1;;;;2.77;;;17.39;;
6901131;treatment;before visit;2023-03-21 23:59:59+00:00;42.86;;;;3.14;;;18.03;;
6901131;treatment;before visit;2023-03-22 23:59:59+00:00;37.16;;;;2.87;;;16.9;;
6901131;treatment;before visit;2023-03-23 23:59:59+00:00;22.73;;;;4.0;;;3.84;;
6901131;treatment;before visit;2023-03-24 23:59:59+00:00;34.62;;;;3.13;;;13.85;;
6901131;treatment;before visit;2023-03-25 23:59:59+00:00;43.56;;;;2.41;;;21.27;;
6901131;treatment;before visit;2023-03-26 23:59:59+00:00;53.15;;;;1.89;;;26.61;;
6901131;treatment;before visit;2023-03-27 23:59:59+00:00;51.01;;;;2.1;;;29.51;;
6901131;treatment;before visit;2023-03-28 23:59:59+00:00;46.57;;;;2.36;;;23.18;;
6901131;treatment;before visit;2023-03-29 23:59:59+00:00;40.01;;;;2.52;;;19.63;;
6901131;treatment;before visit;2023-03-30 23:59:59+00:00;30.74;;;;3.2;;;9.97;;
6901131;treatment;before visit;2023-03-31 23:59:59+00:00;30.32;;;;3.34;;;12.73;;
6901131;treatment;before visit;2023-04-01 23:59:59+00:00;41.02;;;;2.73;;;20.95;;
6901131;treatment;before visit;2023-04-02 23:59:59+00:00;33.14;;;;2.87;;;18.37;;
6901131;treatment;before visit;2023-04-03 23:59:59+00:00;45.51;;;;1.96;;;29.85;;
6901131;treatment;before visit;2023-04-04 23:59:59+00:00;50.03;;;;2.62;;;25.43;;
6901131;treatment;before visit;2023-04-05 23:59:59+00:00;45.2;;;;2.19;;;25.02;;
6901131;treatment;before visit;2023-04-06 23:59:59+00:00;45.36;;;;2.37;;;23.8;;
6901131;treatment;before visit;2023-04-07 23:59:59+00:00;40.42;;;;2.62;;;22.88;;
6901131;treatment;before visit;2023-04-08 23:59:59+00:00;35.56;;;;2.89;;;18.83;;
6901131;treatment;before visit;2023-04-09 23:59:59+00:00;29.96;;;;2.81;;;19.79;;
6901131;treatment;before visit;2023-04-10 23:59:59+00:00;31.72;;;;3.07;;;18.06;;
6901131;treatment;before visit;2023-04-11 23:59:59+00:00;33.75;;;;3.67;;;9.96;;
6901131;treatment;before visit;2023-04-12 23:59:59+00:00;36.17;;;;3.3;;;16.27;;
6901131;treatment;before visit;2023-04-13 23:59:59+00:00;44.75;;;;2.43;;;24.18;;
6901131;treatment;before visit;2023-04-14 23:59:59+00:00;37.46;;;;3.03;;;19.5;;
6901131;treatment;before visit;2023-04-15 23:59:59+00:00;47.38;;;;2.95;;;19.57;;
6901131;treatment;before visit;2023-04-16 23:59:59+00:00;43.56;;;;2.79;;;21.38;;
6901131;treatment;before visit;2023-04-17 23:59:59+00:00;37.28;;;;2.91;;;18.03;;
6901131;treatment;before visit;2023-04-18 23:59:59+00:00;38.54;;;;3.23;;;15.16;;
6901131;treatment;before visit;2023-04-19 23:59:59+00:00;30.5;;;;3.07;;;11.53;;
6901131;treatment;before visit;2023-04-20 23:59:59+00:00;52.54;;;;1.63;;;29.67;;
6901131;treatment;before visit;2023-04-21 23:59:59+00:00;34.21;;;;2.52;;;20.75;;
6901131;treatment;before visit;2023-04-22 23:59:59+00:00;28.2;;;;2.88;;;16.54;;
6901131;treatment;before visit;2023-04-23 23:59:59+00:00;19.78;;;;4.09;;;;;
6901131;treatment;before visit;2023-04-24 23:59:59+00:00;32.07;;;;3.22;;;11.57;;
6901131;treatment;before visit;2023-04-25 23:59:59+00:00;45.86;;;;3.04;;;19.58;;
6901131;treatment;before visit;2023-04-26 23:59:59+00:00;33.07;;;;2.56;;;19.65;;
6901131;treatment;before visit;2023-04-27 23:59:59+00:00;29.89;;;;3.13;;;10.52;;
6901131;treatment;before visit;2023-04-28 23:59:59+00:00;30.06;;;;3.7;;;5.77;;
6901131;treatment;before visit;2023-04-29 23:59:59+00:00;23.68;;;;4.77;;;;;
6901131;treatment;before visit;2023-04-30 23:59:59+00:00;19.6;;;;4.54;;;;;
6901131;treatment;before visit;2023-05-01 23:59:59+00:00;32.99;;;;3.56;;;9.24;;
6901131;treatment;before visit;2023-05-02 23:59:59+00:00;35.8;;;;3.39;;;13.3;;
6901131;treatment;before visit;2023-05-03 23:59:59+00:00;31.19;;;;3.08;;;15.57;;
6901131;treatment;before visit;2023-05-04 23:59:59+00:00;24.95;;;;3.74;;;13.6;;
6901131;treatment;before visit;2023-05-05 23:59:59+00:00;18.05;;;;4.83;;;;;
6901131;treatment;before visit;2023-05-06 23:59:59+00:00;15.67;;;;4.69;;;0.02;;
6901131;treatment;before visit;2023-05-07 23:59:59+00:00;24.19;;;;4.69;;;;;
6901131;treatment;before visit;2023-05-08 23:59:59+00:00;15.96;;;;4.2;;;0.01;;
6901131;treatment;before visit;2023-05-09 23:59:59+00:00;17.48;;;;4.42;;;1.11;;
6901131;treatment;before visit;2023-05-10 23:59:59+00:00;17.14;;;;4.77;;;1.19;;
6901131;treatment;before visit;2023-05-11 23:59:59+00:00;21.38;;;;5.51;;;0.01;;
6901131;treatment;before visit;2023-05-12 23:59:59+00:00;12.3;;;;5.67;;;;;
6901131;treatment;before visit;2023-05-13 23:59:59+00:00;19.8;;;;5.82;;;0.02;;
6901131;treatment;before visit;2023-05-14 23:59:59+00:00;16.02;;;;5.95;;;;;
6901131;treatment;before visit;2023-05-15 23:59:59+00:00;18.29;;;;5.82;;;;;
6901131;treatment;before visit;2023-05-16 23:59:59+00:00;21.61;;;;6.29;;;0.01;;
6901131;treatment;before visit;2023-05-17 23:59:59+00:00;14.28;;;;5.8;;;0.03;;
6901131;treatment;before visit;2023-05-18 23:59:59+00:00;9.66;;;;6.0;;;;;
6901131;treatment;before visit;2023-05-19 23:59:59+00:00;7.29;;;;5.81;;;0.01;;
6901131;treatment;before visit;2023-05-20 23:59:59+00:00;6.53;;;;5.83;;;;;
6901131;treatment;before visit;2023-05-21 23:59:59+00:00;13.83;;;;5.8;;;0.03;;
6901131;treatment;before visit;2023-05-22 23:59:59+00:00;12.65;;;;5.77;;;0.01;;
6901131;treatment;before visit;2023-05-23 23:59:59+00:00;20.07;;;;5.96;;;;;
6901131;treatment;before visit;2023-05-24 23:59:59+00:00;14.71;;;;5.7;;;;;
6901131;treatment;before visit;2023-05-25 23:59:59+00:00;15.75;;;;5.66;;;;;
6901131;treatment;before visit;2023-05-26 23:59:59+00:00;13.65;;;;5.7;;;0.01;;
6901131;treatment;before visit;2023-05-27 23:59:59+00:00;15.46;;;;6.01;;;0.01;;
6901131;treatment;before visit;2023-05-28 23:59:59+00:00;12.7;;;;6.12;;;;;
6901131;treatment;before visit;2023-05-29 23:59:59+00:00;21.05;;;;6.14;;;0.01;;
6901131;treatment;before visit;2023-05-30 23:59:59+00:00;19.83;;;;6.42;;;;;
6901131;treatment;before visit;2023-05-31 23:59:59+00:00;12.07;;;;5.95;;;;;
6901131;treatment;before visit;2023-06-01 23:59:59+00:00;18.88;;;;6.16;;;0.01;;
6901131;treatment;before visit;2023-06-02 23:59:59+00:00;10.81;;;;6.04;;;;;
6901131;treatment;before visit;2023-06-03 23:59:59+00:00;18.22;;;;5.83;;;0.01;;
6901131;treatment;before visit;2023-06-04 23:59:59+00:00;20.24;;;;5.95;;;0.01;;
6901131;treatment;before visit;2023-06-05 23:59:59+00:00;15.19;;;;6.12;;;;;
6901131;treatment;before visit;2023-06-06 23:59:59+00:00;14.69;;;;5.93;;;;;
6901131;treatment;before visit;2023-06-07 23:59:59+00:00;13.11;;;;6.11;;;0.02;;
6901131;treatment;before visit;2023-06-08 23:59:59+00:00;18.66;;;;6.24;;;;;
6901131;treatment;before visit;2023-06-09 23:59:59+00:00;9.69;;;;6.19;;;;;
6901131;treatment;before visit;2023-06-10 23:59:59+00:00;10.33;;;;6.04;;;0.01;;
6901131;treatment;before visit;2023-06-11 23:59:59+00:00;15.2;;;;6.29;;;;;
6901131;treatment;before visit;2023-06-12 23:59:59+00:00;14.19;;;;6.19;;;;;
6901131;treatment;before visit;2023-06-13 23:59:59+00:00;17.42;;;;6.43;;;;;
6901131;treatment;before visit;2023-06-14 23:59:59+00:00;13.03;;;;6.18;;;0.01;;
6901131;treatment;before visit;2023-06-15 23:59:59+00:00;13.4;;;;5.96;;;0.01;;
6901131;treatment;before visit;2023-06-16 23:59:59+00:00;15.3;;;;5.85;;;0.05;;
6901131;treatment;before visit;2023-06-17 23:59:59+00:00;11.79;;;;6.03;;;0.01;;
6901131;treatment;before visit;2023-06-18 23:59:59+00:00;15.2;;;;5.97;;;;;
6901131;treatment;before visit;2023-06-19 23:59:59+00:00;10.55;;;;6.06;;;0.01;;
6901131;treatment;before visit;2023-06-20 23:59:59+00:00;20.66;;;;6.0;;;0.01;;
6901131;treatment;before visit;2023-06-21 23:59:59+00:00;10.38;;;;5.9;;;;;
6901131;treatment;before visit;2023-06-22 23:59:59+00:00;18.37;;;;5.7;;;0.09;;
6901131;treatment;before visit;2023-06-23 23:59:59+00:00;11.36;;;;6.04;;;0.04;;
6901131;treatment;before visit;2023-06-24 23:59:59+00:00;12.94;;;;7.33;;;;;
6901131;treatment;before visit;2023-06-25 23:59:59+00:00;17.14;;;;7.28;;;0.01;;
6901131;treatment;before visit;2023-06-26 23:59:59+00:00;16.21;;;;7.25;;;0.01;;
6901131;treatment;before visit;2023-06-27 23:59:59+00:00;17.37;;;;7.63;;;;;
6901131;treatment;before visit;2023-06-28 23:59:59+00:00;13.36;;;;7.26;;;;;
6901131;treatment;before visit;2023-06-29 23:59:59+00:00;15.7;;;;7.36;;;;;
6901131;treatment;before visit;2023-06-30 23:59:59+00:00;11.0;;;;7.23;;;;;
6901131;treatment;before visit;2023-07-01 23:59:59+00:00;8.65;;;;7.41;;;;;
6901131;treatment;before visit;2023-07-02 23:59:59+00:00;18.63;;;;7.34;;;;;
6901131;treatment;before visit;2023-07-03 23:59:59+00:00;13.56;;;;7.31;;;0.01;;
6901131;treatment;before visit;2023-07-04 23:59:59+00:00;22.89;;;;7.29;;;;;
6901131;treatment;before visit;2023-07-05 23:59:59+00:00;14.59;;;;7.22;;;0.01;;
6901131;treatment;before visit;2023-07-06 23:59:59+00:00;17.92;;;;7.12;;;;;
6901131;treatment;before visit;2023-07-07 23:59:59+00:00;15.35;;;;7.22;;;0.01;;
6901131;treatment;before visit;2023-07-08 23:59:59+00:00;14.85;;;;7.52;;;;;
6901131;treatment;before visit;2023-07-09 23:59:59+00:00;23.32;;;;7.5;;;;;
6901131;treatment;before visit;2023-07-10 23:59:59+00:00;20.71;;;;7.31;;;;;
6901131;treatment;before visit;2023-07-11 23:59:59+00:00;24.14;;;;6.76;;;;;
6901131;treatment;before visit;2023-07-12 23:59:59+00:00;11.45;;;;7.69;;;;;
6901131;treatment;before visit;2023-07-13 23:59:59+00:00;10.99;;;;7.51;;;0.01;;
6901131;treatment;before visit;2023-07-14 23:59:59+00:00;12.12;;;;7.4;;;;;
6901131;treatment;before visit;2023-07-15 23:59:59+00:00;13.41;;;;7.68;;;;;
6901131;treatment;before visit;2023-07-16 23:59:59+00:00;8.0;;;;7.69;;;;;
6901131;treatment;before visit;2023-07-17 23:59:59+00:00;6.74;;;;7.63;;;0.01;;
6901131;treatment;before visit;2023-07-18 23:59:59+00:00;4.68;;;;7.61;;;;;
6901131;treatment;before visit;2023-07-19 23:59:59+00:00;7.51;;;;7.59;;;;;
6901131;treatment;before visit;2023-07-20 23:59:59+00:00;4.85;;;;7.59;;;;;
6901131;treatment;before visit;2023-07-21 23:59:59+00:00;7.79;;;;7.62;;;;;
6901131;treatment;before visit;2023-07-22 23:59:59+00:00;11.92;;;;7.67;;;0.01;;
6901131;treatment;before visit;2023-07-23 23:59:59+00:00;15.18;;;;7.41;;;;;
6901131;treatment;before visit;2023-07-24 23:59:59+00:00;16.07;;;;7.5;;;;;
6901131;treatment;before visit;2023-07-25 23:59:59+00:00;11.57;;;;7.6;;;;;
6901131;treatment;before visit;2023-07-26 23:59:59+00:00;10.1;;;;7.57;;;;;
6901131;treatment;before visit;2023-07-27 23:59:59+00:00;10.14;;;;7.36;;;;;
6901131;treatment;before visit;2023-07-28 23:59:59+00:00;7.17;;;;7.37;;;;;
6901131;treatment;before visit;2023-07-29 23:59:59+00:00;8.03;;;;7.43;;;;;
6901131;treatment;before visit;2023-07-30 23:59:59+00:00;7.34;;;;7.48;;;;;
6901131;treatment;before visit;2023-07-31 23:59:59+00:00;11.62;;;;7.67;;;;;
6901131;treatment;before visit;2023-08-01 23:59:59+00:00;8.04;;;;7.53;;;;;
6901131;treatment;before visit;2023-08-02 23:59:59+00:00;10.68;;;;7.52;;;0.02;;
6901131;treatment;before visit;2023-08-03 23:59:59+00:00;7.7;;;;7.49;;;;;
6901131;treatment;before visit;2023-08-04 23:59:59+00:00;8.11;;;;7.55;;;;;
6901131;treatment;before visit;2023-08-05 23:59:59+00:00;8.08;;;;7.45;;;;;
6901131;treatment;before visit;2023-08-06 23:59:59+00:00;9.12;;;;7.49;;;;;
6901131;treatment;before visit;2023-08-07 23:59:59+00:00;7.97;;;;7.41;;;;;
6901131;treatment;before visit;2023-08-08 23:59:59+00:00;10.59;;;;7.4;;;;;
6901131;treatment;before visit;2023-08-09 23:59:59+00:00;8.29;;;;7.35;;;;;
6901131;treatment;before visit;2023-08-10 23:59:59+00:00;10.62;;;;7.54;;;;;
6901131;treatment;before visit;2023-08-11 23:59:59+00:00;16.3;;;;7.43;;;0.14;;
6901131;treatment;before visit;2023-08-12 23:59:59+00:00;11.63;;;;7.5;;;;;
6901131;treatment;before visit;2023-08-13 23:59:59+00:00;13.15;;;;7.64;;;;;
6901131;treatment;before visit;2023-08-14 23:59:59+00:00;17.57;;;;7.45;;;0.01;;
6901131;treatment;before visit;2023-08-15 23:59:59+00:00;19.66;;;;7.29;;;;;
6901131;treatment;before visit;2023-08-16 23:59:59+00:00;17.01;;;;7.26;;;;;
6901131;treatment;before visit;2023-08-17 23:59:59+00:00;18.7;;;;7.44;;;;;
6901131;treatment;before visit;2023-08-18 23:59:59+00:00;13.95;;;;7.79;;;;;
6901131;treatment;before visit;2023-08-19 23:59:59+00:00;17.27;;;;7.66;;;;;
6901131;treatment;before visit;2023-08-20 23:59:59+00:00;22.65;;;;7.85;;;;;
6901131;treatment;before visit;2023-08-21 23:59:59+00:00;19.13;;;;7.96;;;0.01;;
6901131;treatment;before visit;2023-08-22 23:59:59+00:00;15.13;;;;7.78;;;;;
6901131;treatment;before visit;2023-08-23 23:59:59+00:00;22.45;;;;7.45;;;;;
6901131;treatment;before visit;2023-08-24 23:59:59+00:00;20.96;;;;7.32;;;;;
6901131;treatment;before visit;2023-08-25 23:59:59+00:00;11.12;;;;7.7;;;0.01;;
6901131;treatment;before visit;2023-08-26 23:59:59+00:00;14.13;;;;7.7;;;;;
6901131;treatment;before visit;2023-08-27 23:59:59+00:00;19.13;;;;7.67;;;;;
6901131;treatment;before visit;2023-08-28 23:59:59+00:00;14.34;;;;7.46;;;;;
6901131;treatment;before visit;2023-08-29 23:59:59+00:00;21.3;;;;6.52;;;;;
6901131;treatment;before visit;2023-08-30 23:59:59+00:00;15.0;;;;6.66;;;;;
6901131;treatment;before visit;2023-08-31 23:59:59+00:00;16.58;;;;6.57;;;0.01;;
6901131;treatment;before visit;2023-09-01 23:59:59+00:00;13.08;;;;6.44;;;;;
6901131;treatment;before visit;2023-09-02 23:59:59+00:00;16.6;;;;6.45;;;;;
6901131;treatment;before visit;2023-09-03 23:59:59+00:00;13.03;;;;6.6;;;;;
6901131;treatment;before visit;2023-09-04 23:59:59+00:00;11.23;;;;6.47;;;0.01;;
6901131;treatment;before visit;2023-09-05 23:59:59+00:00;25.29;;;;6.72;;;0.01;;
6901131;treatment;before visit;2023-09-06 23:59:59+00:00;10.15;;;;6.38;;;;;
6901131;treatment;before visit;2023-09-07 23:59:59+00:00;14.52;;;;6.63;;;;;
6901131;treatment;before visit;2023-09-08 23:59:59+00:00;12.66;;;;6.51;;;0.01;;
6901131;treatment;before visit;2023-09-09 23:59:59+00:00;14.43;;;;6.94;;;;;
6901131;treatment;before visit;2023-09-10 23:59:59+00:00;18.99;;;;6.98;;;0.01;;
6901131;treatment;before visit;2023-09-11 23:59:59+00:00;12.16;;;;7.01;;;;;
6901131;treatment;before visit;2023-09-12 23:59:59+00:00;18.07;;;;6.71;;;;;
6901131;treatment;before visit;2023-09-13 23:59:59+00:00;14.47;;;;7.06;;;;;
6901131;treatment;before visit;2023-09-14 23:59:59+00:00;17.56;;;;7.07;;;;;
6901131;treatment;before visit;2023-09-15 23:59:59+00:00;11.23;;;;6.97;;;;;
6901131;treatment;before visit;2023-09-16 23:59:59+00:00;19.13;;;;6.87;;;0.02;;
6901131;treatment;before visit;2023-09-17 23:59:59+00:00;20.43;;;;6.85;;;;;
6901131;treatment;before visit;2023-09-18 23:59:59+00:00;14.39;;;;6.76;;;0.01;;
6901131;treatment;before visit;2023-09-19 23:59:59+00:00;18.13;;;;7.27;;;;;
6901131;treatment;before visit;2023-09-20 23:59:59+00:00;12.04;;;;6.76;;;;;
6901131;treatment;before visit;2023-09-21 23:59:59+00:00;10.19;;;;6.8;;;;;
6901131;treatment;before visit;2023-09-22 23:59:59+00:00;11.27;;;;6.94;;;0.01;;
6901131;treatment;before visit;2023-09-23 23:59:59+00:00;9.35;;;;7.02;;;;;
6901131;treatment;before visit;2023-09-24 23:59:59+00:00;10.27;;;;6.95;;;;;
6901131;treatment;before visit;2023-09-25 23:59:59+00:00;13.24;;;;6.56;;;0.09;;
6901131;treatment;before visit;2023-09-26 23:59:59+00:00;18.89;;;;7.83;;;;;
6901131;treatment;before visit;2023-09-27 23:59:59+00:00;18.88;;;;7.22;;;;;
6901131;treatment;before visit;2023-09-28 23:59:59+00:00;18.02;;;;7.19;;;;;
6901131;treatment;before visit;2023-09-29 23:59:59+00:00;8.21;;;;6.95;;;;;
6901131;treatment;before visit;2023-09-30 23:59:59+00:00;24.96;;;;6.64;;;0.01;;
6901131;treatment;before visit;2023-10-01 23:59:59+00:00;13.91;;;;7.27;;;0.01;;
6901131;treatment;before visit;2023-10-02 23:59:59+00:00;23.89;;;;5.52;;;10.23;;
6901131;treatment;before visit;2023-10-03 23:59:59+00:00;38.16;;;;4.73;;;17.25;;
6901131;treatment;before visit;2023-10-04 23:59:59+00:00;29.76;;;;4.01;;;16.46;;
6901131;treatment;before visit;2023-10-05 23:59:59+00:00;32.2;;;;3.45;;;20.94;;
6901131;treatment;before visit;2023-10-06 23:59:59+00:00;29.5;;;;3.44;;;19.52;;
6901131;treatment;before visit;2023-10-07 23:59:59+00:00;32.73;;;;3.38;;;21.38;;
6901131;treatment;before visit;2023-10-08 23:59:59+00:00;42.15;;;;3.94;;;17.37;;
6901131;treatment;before visit;2023-10-09 23:59:59+00:00;29.87;;;;4.21;;;13.21;;
6901131;treatment;before visit;2023-10-10 23:59:59+00:00;20.09;;;;4.96;;;9.17;;
6901131;treatment;before visit;2023-10-11 23:59:59+00:00;12.36;;;;6.15;;;0.07;;
6901131;treatment;before visit;2023-10-12 23:59:59+00:00;14.63;;;;6.04;;;0.05;;
6901131;treatment;before visit;2023-10-13 23:59:59+00:00;35.7;;;;3.97;;;19.49;;
6901131;treatment;before visit;2023-10-14 23:59:59+00:00;32.92;;;;4.36;;;14.46;;
6901131;treatment;before visit;2023-10-15 23:59:59+00:00;50.56;;;;2.47;;;26.94;;
6901131;treatment;before visit;2023-10-16 23:59:59+00:00;59.98;;;;1.61;;;37.17;;
6901131;treatment;before visit;2023-10-17 23:59:59+00:00;60.47;;;;1.41;;;38.44;;
6901131;treatment;before visit;2023-10-18 23:59:59+00:00;45.5;;;;2.92;;;21.29;;
6901131;treatment;before visit;2023-10-19 23:59:59+00:00;33.71;;;;3.61;;;16.88;;
6901131;treatment;before visit;2023-10-20 23:59:59+00:00;29.21;;;;4.31;;;11.9;;
6901131;treatment;before visit;2023-10-21 23:59:59+00:00;26.35;;;;4.25;;;10.87;;
6901131;treatment;before visit;2023-10-22 23:59:59+00:00;36.09;;;;3.12;;;21.22;;
6901131;treatment;before visit;2023-10-23 23:59:59+00:00;34.05;;;;3.46;;;19.21;;
6901131;treatment;before visit;2023-10-24 23:59:59+00:00;27.75;;;;4.62;;;6.64;;
6901131;treatment;before visit;2023-10-25 23:59:59+00:00;40.9;;;;3.41;;;18.03;;
6901131;treatment;before visit;2023-10-26 23:59:59+00:00;27.17;;;;4.58;;;10.83;;
6901131;treatment;before visit;2023-10-27 23:59:59+00:00;35.91;;;;3.82;;;17.77;;
6901131;treatment;before visit;2023-10-28 23:59:59+00:00;43.32;;;;3.78;;;15.27;;
6901131;treatment;before visit;2023-10-29 23:59:59+00:00;44.81;;;;3.6;;;21.6;;
6901131;treatment;before visit;2023-10-30 23:59:59+00:00;41.27;;;;3.76;;;19.22;;
6901131;treatment;before visit;2023-10-31 23:59:59+00:00;36.96;;;;3.78;;;18.95;;
6901131;treatment;before visit;2023-11-01 23:59:59+00:00;40.48;;;;3.54;;;19.06;;
6901131;treatment;before visit;2023-11-02 23:59:59+00:00;40.53;;;;3.26;;;22.95;;
6901131;treatment;before visit;2023-11-03 23:59:59+00:00;59.17;;;;1.47;;;38.13;;
6901131;treatment;before visit;2023-11-04 23:59:59+00:00;36.75;;;;3.58;;;19.74;;
6901131;treatment;before visit;2023-11-05 23:59:59+00:00;31.09;;;;3.78;;;15.54;;
6901131;treatment;before visit;2023-11-06 23:59:59+00:00;38.18;;;;3.57;;;19.2;;
6901131;treatment;before visit;2023-11-07 23:59:59+00:00;39.94;;;;3.45;;;22.84;;
6901131;treatment;before visit;2023-11-08 23:59:59+00:00;45.7;;;;2.93;;;25.32;;
6901131;treatment;before visit;2023-11-09 23:59:59+00:00;50.34;;;;1.87;;;35.16;;
6901131;treatment;before visit;2023-11-10 23:59:59+00:00;43.12;;;;3.55;;;20.82;;
6901131;treatment;before visit;2023-11-11 23:59:59+00:00;51.58;;;;2.49;;;30.55;;
6901131;treatment;before visit;2023-11-12 23:59:59+00:00;54.5;;;;1.66;;;36.66;;
6901131;treatment;before visit;2023-11-13 23:59:59+00:00;32.61;;;;4.58;;;11.26;;
6901131;treatment;before visit;2023-11-14 23:59:59+00:00;37.66;;;;3.81;;;18.21;;
6901131;treatment;during visit;2023-11-15 23:59:59+00:00;40.71;;;;3.69;;;17.97;;
6901131;treatment;after visit;2023-11-16 23:59:59+00:00;23.36;;;;5.15;;;2.75;;
6901131;treatment;after visit;2023-11-17 23:59:59+00:00;39.82;;;;3.39;;;19.22;;
6901131;treatment;after visit;2023-11-18 23:59:59+00:00;50.44;;;;2.69;;;24.91;;
6901131;treatment;after visit;2023-11-19 23:59:59+00:00;41.25;;;;3.88;;;13.27;;
6901131;treatment;after visit;2023-11-20 23:59:59+00:00;34.58;;;;3.84;;;13.31;;
6901131;treatment;after visit;2023-11-21 23:59:59+00:00;36.43;;;;3.5;;;15.99;;
6901131;treatment;after visit;2023-11-22 23:59:59+00:00;58.92;;;;1.61;;;37.05;;
6901131;treatment;after visit;2023-11-23 23:59:59+00:00;40.67;;;;3.2;;;21.78;;
6901131;treatment;after visit;2023-11-24 23:59:59+00:00;46.28;;;;2.76;;;25.49;;
6901131;treatment;after visit;2023-11-25 23:59:59+00:00;56.86;;;;1.09;;;40.14;;
6901131;treatment;after visit;2023-11-26 23:59:59+00:00;48.11;;;;2.4;;;26.73;;
6901131;treatment;after visit;2023-11-27 23:59:59+00:00;60.08;;;;1.39;;;37.9;;
6901131;treatment;after visit;2023-11-28 23:59:59+00:00;52.91;;;;1.77;;;34.52;;
6901131;treatment;after visit;2023-11-29 23:59:59+00:00;47.06;;;;2.63;;;26.04;;
6901131;treatment;after visit;2023-11-30 23:59:59+00:00;57.88;;;;1.41;;;37.54;;
6901131;treatment;after visit;2023-12-01 23:59:59+00:00;58.23;;;;1.4;;;36.78;;
6901131;treatment;after visit;2023-12-02 23:59:59+00:00;59.52;;;;1.25;;;37.88;;
6901131;treatment;after visit;2023-12-03 23:59:59+00:00;59.12;;;;1.02;;;39.79;;
6901131;treatment;after visit;2023-12-04 23:59:59+00:00;56.47;;;;1.32;;;37.81;;
6901131;treatment;after visit;2023-12-05 23:59:59+00:00;64.43;;;;1.44;;;38.22;;
6901131;treatment;after visit;2023-12-06 23:59:59+00:00;63.06;;;;1.39;;;38.28;;
6901131;treatment;after visit;2023-12-07 23:59:59+00:00;61.18;;;;1.41;;;38.02;;
6901131;treatment;after visit;2023-12-08 23:59:59+00:00;53.52;;;;1.4;;;38.03;;
6901131;treatment;after visit;2023-12-09 23:59:59+00:00;43.11;;;;2.78;;;25.81;;
6901131;treatment;after visit;2023-12-10 23:59:59+00:00;51.88;;;;2.6;;;27.55;;
6901131;treatment;after visit;2023-12-11 23:59:59+00:00;46.58;;;;3.12;;;22.07;;
6901131;treatment;after visit;2023-12-12 23:59:59+00:00;53.08;;;;2.79;;;26.83;;
6901131;treatment;after visit;2023-12-13 23:59:59+00:00;58.48;;;;2.08;;;32.57;;
6901131;treatment;after visit;2023-12-14 23:59:59+00:00;62.02;;;;1.6;;;36.67;;
6901131;treatment;after visit;2023-12-15 23:59:59+00:00;62.01;;;;1.34;;;38.04;;
6901131;treatment;after visit;2023-12-16 23:59:59+00:00;61.39;;;;1.12;;;40.13;;
6901131;treatment;after visit;2023-12-17 23:59:59+00:00;63.44;;;;1.11;;;40.2;;
6901131;treatment;after visit;2023-12-18 23:59:59+00:00;72.94;;;;1.41;;;37.75;;
6901131;treatment;after visit;2023-12-19 23:59:59+00:00;56.07;;;;1.3;;;38.07;;
6901131;treatment;after visit;2023-12-20 23:59:59+00:00;65.76;;;;1.38;;;38.36;;
6901131;treatment;after visit;2023-12-21 23:59:59+00:00;51.66;;;;2.81;;;25.06;;
6901131;treatment;after visit;2023-12-22 23:59:59+00:00;49.03;;;;2.26;;;28.36;;
6901131;treatment;after visit;2023-12-23 23:59:59+00:00;38.25;;;;3.01;;;20.23;;
6901131;treatment;after visit;2023-12-24 23:59:59+00:00;34.19;;;;2.69;;;23.36;;
6901131;treatment;after visit;2023-12-25 23:59:59+00:00;31.09;;;;2.79;;;22.98;;
6901131;treatment;after visit;2023-12-26 23:59:59+00:00;38.7;;;;2.6;;;25.69;;
6901131;treatment;after visit;2023-12-27 23:59:59+00:00;48.45;;;;1.35;;;38.47;;
6901131;treatment;after visit;2023-12-28 23:59:59+00:00;41.56;;;;2.93;;;23.65;;
6901131;treatment;after visit;2023-12-29 23:59:59+00:00;37.24;;;;3.07;;;23.16;;
6901131;treatment;after visit;2023-12-30 23:59:59+00:00;47.05;;;;2.6;;;26.1;;
6901131;treatment;after visit;2023-12-31 23:59:59+00:00;57.33;;;;1.08;;;40.33;;
6901131;treatment;after visit;2024-01-01 23:59:59+00:00;44.5;;;;2.56;;;27.21;;
6901131;treatment;after visit;2024-01-02 23:59:59+00:00;41.26;;;;2.69;;;26.64;;
6901131;treatment;after visit;2024-01-03 23:59:59+00:00;33.75;;;;3.55;;;17.06;;
6901131;treatment;after visit;2024-01-04 23:59:59+00:00;37.99;;;;2.66;;;26.24;;
6901131;treatment;after visit;2024-01-05 23:59:59+00:00;54.88;;;;1.37;;;38.16;;
6901131;treatment;after visit;2024-01-06 23:59:59+00:00;55.88;;;;1.24;;;39.75;;
6901131;treatment;after visit;2024-01-07 23:59:59+00:00;50.6;;;;2.63;;;27.98;;
6901131;treatment;after visit;2024-01-08 23:59:59+00:00;62.34;;;;1.56;;;37.19;;
6901131;treatment;after visit;2024-01-09 23:59:59+00:00;80.9;;;;1.53;;;36.98;;
6901131;treatment;after visit;2024-01-10 23:59:59+00:00;54.74;;;;1.36;;;37.59;;
6901131;treatment;after visit;2024-01-11 23:59:59+00:00;58.44;;;;1.42;;;37.59;;
6901131;treatment;after visit;2024-01-12 23:59:59+00:00;56.01;;;;1.11;;;38.46;;
6901131;treatment;after visit;2024-01-13 23:59:59+00:00;67.62;;;;0.99;;;41.14;;
6901131;treatment;after visit;2024-01-14 23:59:59+00:00;64.49;;;;1.16;;;39.88;;
6901131;treatment;after visit;2024-01-15 23:59:59+00:00;57.95;;;;1.42;;;37.9;;
6901131;treatment;after visit;2024-01-16 23:59:59+00:00;60.35;;;;1.42;;;37.71;;
6901131;treatment;after visit;2024-01-17 23:59:59+00:00;58.29;;;;1.5;;;38.39;;
6901131;treatment;after visit;2024-01-18 23:59:59+00:00;51.46;;;;2.49;;;28.23;;
6901131;treatment;after visit;2024-01-19 23:59:59+00:00;54.91;;;;1.38;;;38.1;;
6901131;treatment;after visit;2024-01-20 23:59:59+00:00;58.28;;;;1.08;;;40.14;;
6901131;treatment;after visit;2024-01-21 23:59:59+00:00;71.76;;;;2.02;;;30.64;;
6901131;treatment;after visit;2024-01-22 23:59:59+00:00;55.87;;;;1.39;;;38.45;;
6901131;treatment;after visit;2024-01-23 23:59:59+00:00;49.67;;;;3.03;;;26.55;;
6901131;treatment;after visit;2024-01-24 23:59:59+00:00;51.9;;;;3.94;;;16.56;;
6901131;treatment;after visit;2024-01-25 23:59:59+00:00;34.13;;;;3.26;;;19.7;;
6901131;treatment;after visit;2024-01-26 23:59:59+00:00;40.61;;;;3.16;;;21.65;;
6901131;treatment;after visit;2024-01-27 23:59:59+00:00;55.69;;;;1.13;;;40.72;;
6901131;treatment;after visit;2024-01-28 23:59:59+00:00;56.69;;;;1.22;;;40.19;;
6901131;treatment;after visit;2024-01-29 23:59:59+00:00;45.82;;;;2.26;;;30.75;;
6901131;treatment;after visit;2024-01-30 23:59:59+00:00;78.54;;;;1.77;;;35.59;;
6901131;treatment;after visit;2024-01-31 23:59:59+00:00;55.03;;;;1.56;;;37.86;;
6901131;treatment;after visit;2024-02-01 23:59:59+00:00;53.6;;;;1.96;;;34.72;;
6901131;treatment;after visit;2024-02-02 23:59:59+00:00;44.54;;;;2.87;;;25.59;;
6901131;treatment;after visit;2024-02-03 23:59:59+00:00;39.74;;;;3.3;;;21.66;;
6901131;treatment;after visit;2024-02-04 23:59:59+00:00;49.46;;;;3.42;;;20.71;;
6901131;treatment;after visit;2024-02-05 23:59:59+00:00;57.22;;;;1.54;;;38.34;;
6901131;treatment;after visit;2024-02-06 23:59:59+00:00;53.11;;;;2.98;;;25.78;;
6901131;treatment;after visit;2024-02-07 23:59:59+00:00;47.02;;;;3.36;;;23.58;;
6901131;treatment;after visit;2024-02-08 23:59:59+00:00;50.27;;;;3.38;;;22.18;;
6901131;treatment;after visit;2024-02-09 23:59:59+00:00;44.66;;;;3.35;;;21.64;;
6901131;treatment;after visit;2024-02-10 23:59:59+00:00;46.79;;;;3.0;;;24.12;;
6901131;treatment;after visit;2024-02-11 23:59:59+00:00;56.12;;;;2.69;;;27.26;;
6901131;treatment;after visit;2024-02-12 23:59:59+00:00;63.14;;;;1.57;;;38.02;;
6901131;treatment;after visit;2024-02-13 23:59:59+00:00;50.86;;;;3.07;;;25.59;;
6901131;treatment;after visit;2024-02-14 23:59:59+00:00;47.81;;;;3.26;;;23.92;;
6901131;treatment;after visit;2024-02-15 23:59:59+00:00;42.21;;;;3.39;;;22.76;;
6901131;treatment;after visit;2024-02-16 23:59:59+00:00;38.46;;;;3.55;;;19.18;;
6901131;treatment;after visit;2024-02-17 23:59:59+00:00;32.97;;;;3.84;;;16.27;;
6901131;treatment;after visit;2024-02-18 23:59:59+00:00;34.29;;;;3.63;;;20.04;;
6901131;treatment;after visit;2024-02-19 23:59:59+00:00;38.12;;;;3.29;;;22.91;;
6901131;treatment;after visit;2024-02-20 23:59:59+00:00;43.01;;;;3.4;;;24.0;;
6901131;treatment;after visit;2024-02-21 23:59:59+00:00;47.32;;;;3.24;;;25.05;;
6901131;treatment;after visit;2024-02-22 23:59:59+00:00;47.51;;;;3.3;;;24.95;;
6901131;treatment;after visit;2024-02-23 23:59:59+00:00;46.87;;;;2.61;;;28.91;;
6901131;treatment;after visit;2024-02-24 23:59:59+00:00;43.78;;;;3.22;;;23.05;;
6901131;treatment;after visit;2024-02-25 23:59:59+00:00;35.15;;;;3.45;;;21.86;;
6901131;treatment;after visit;2024-02-26 23:59:59+00:00;40.21;;;;3.2;;;21.55;;
6901131;treatment;after visit;2024-02-27 23:59:59+00:00;36.39;;;;3.31;;;22.26;;
6901131;treatment;after visit;2024-02-28 23:59:59+00:00;37.01;;;;3.42;;;21.37;;
6901131;treatment;after visit;2024-02-29 23:59:59+00:00;34.92;;;;3.21;;;22.7;;
6901131;treatment;after visit;2024-03-01 23:59:59+00:00;36.06;;;;3.04;;;24.89;;
6901131;treatment;after visit;2024-03-02 23:59:59+00:00;47.66;;;;2.83;;;27.26;;
6901131;treatment;after visit;2024-03-03 23:59:59+00:00;47.34;;;;3.11;;;25.48;;
6901131;treatment;after visit;2024-03-04 23:59:59+00:00;56.84;;;;2.62;;;30.07;;
6901131;treatment;after visit;2024-03-05 23:59:59+00:00;49.96;;;;2.99;;;27.28;;
6901131;treatment;after visit;2024-03-06 23:59:59+00:00;62.39;;;;1.62;;;37.55;;
6901131;treatment;after visit;2024-03-07 23:59:59+00:00;59.89;;;;1.58;;;37.74;;
6901131;treatment;after visit;2024-03-08 23:59:59+00:00;58.77;;;;2.54;;;29.69;;
6901131;treatment;after visit;2024-03-09 23:59:59+00:00;43.44;;;;3.46;;;22.31;;
6901131;treatment;after visit;2024-03-10 23:59:59+00:00;68.62;;;;1.34;;;40.14;;
6901131;treatment;after visit;2024-03-11 23:59:59+00:00;44.73;;;;3.64;;;22.02;;
6901131;treatment;after visit;2024-03-12 23:59:59+00:00;62.55;;;;2.66;;;30.58;;
6901131;treatment;after visit;2024-03-13 23:59:59+00:00;48.76;;;;3.59;;;22.28;;
6901131;treatment;after visit;2024-03-14 23:59:59+00:00;43.48;;;;3.67;;;20.46;;
6901131;treatment;after visit;2024-03-15 23:59:59+00:00;37.07;;;;4.02;;;16.43;;
6901131;treatment;after visit;2024-03-16 23:59:59+00:00;37.94;;;;4.06;;;15.87;;
6901131;treatment;after visit;2024-03-17 23:59:59+00:00;47.07;;;;3.69;;;19.59;;
6901131;treatment;after visit;2024-03-18 23:59:59+00:00;44.8;;;;3.33;;;22.05;;
6901131;treatment;after visit;2024-03-19 23:59:59+00:00;44.29;;;;4.12;;;18.99;;
6901131;treatment;after visit;2024-03-20 23:59:59+00:00;43.65;;;;3.55;;;20.43;;
